-f 1/2 ./pi_d_d_m0.050_k0.049_p000
-f 2/2 ./pi_d_d_m0.050_k0.049_p000.copy
--dim 1/1 64
--dim 2/1 64
--func 1/1 1+1
--func 2/1 1+1
-l 1/2 10
-l 2/2 10
-u 1/2 19
-u 2/2 19
--svdmax 1/2 10
--svdmax 2/2 10
ncfg = 500
-------------
data set = 1
-------------
nt = 64
n1 = 10
n2 = 19
fit = 1+1
maxmode = 10
-------------
data set = 2
-------------
nt = 64
n1 = 10
n2 = 19
fit = 1+1
maxmode = 10
-------------
nt (total) = 128
npa = 4
MINIMIZER = gsl_deriv
StartFudge =  1.500e+00
TOL_AMOEBA =  1.000e-10
TOL_NEWTON =  1.000e-10
MAX_ITER_AMOEBA = 9999
MAX_ITER_NEWTON = 2500
MAX_ITER_GSL_DERIV= 10000
fullcov = full
corflag = 1
maxmode (total) = 20
TOL_SVD_INV =  1.000e-30
TOL_SVD_SOL =  1.000e-10
dof = 16
resample = fit
ns = 0
Reading file ./pi_d_d_m0.050_k0.049_p000, ncfg = 500, nt = 64
Reading file ./pi_d_d_m0.050_k0.049_p000.copy, ncfg = 500, nt = 64
Take Full Configuration:  del =  -1
===== singular value : before cutoff =====
 1.163227e+00,  6.587980e-03,  8.162312e-04,  9.153467e-05,  1.053283e-05,  1.495193e-06,  2.155481e-07,  2.806821e-08,  4.296274e-09,  5.806508e-10, 
==========================================
===== singular value : after cutoff =====
 1.163227e+00,  6.587980e-03,  8.162312e-04,  9.153467e-05,  1.053283e-05,  1.495193e-06,  2.155481e-07,  2.806821e-08,  4.296274e-09,  5.806508e-10, 
=========================================
TOL_SVD_INV =  1.000000e-30, min_svd =  1.163227e-30
=========================================
===== remove all but maxmode (EVs are not ordered) =====
nsing = 0, nsvd = 0, maxmode = 10
========================================================
===== singular value : inverse =====
 2.820186e+14,  4.979550e+16,  4.019103e+17,  3.583907e+18,  3.114565e+19,  2.194043e+20,  1.521942e+21,  1.168766e+22,  7.635727e+22,  5.649725e+23, 
====================================
WARNING from checkInvMat: Norm || MAT*inv(MAT) - I || is greater than tolerance.
-> norm = 2.328e-04, TOL_MAT_INVMAT_NORM = 1.000e-10
covariance matrix C = [
 3.048300e-15   1.136216e-15   4.299131e-16   1.631270e-16   6.139160e-17   2.257299e-17   8.437942e-18   3.106611e-18   1.162594e-18   4.270207e-19  
 0.000000e+00   4.434318e-16   1.668582e-16   6.458765e-17   2.409565e-17   8.966103e-18   3.333736e-18   1.234651e-18   4.602314e-19   1.692882e-19  
 0.000000e+00   0.000000e+00   6.529535e-17   2.510385e-17   9.535439e-18   3.514490e-18   1.322528e-18   4.864464e-19   1.827131e-19   6.696736e-20  
 0.000000e+00   0.000000e+00   0.000000e+00   1.000885e-17   3.776676e-18   1.418408e-18   5.295083e-19   1.964357e-19   7.332320e-20   2.701172e-20  
 0.000000e+00   0.000000e+00   0.000000e+00   0.000000e+00   1.469840e-18   5.478335e-19   2.079382e-19   7.648330e-20   2.879099e-20   1.054552e-20  
 0.000000e+00   0.000000e+00   0.000000e+00   0.000000e+00   0.000000e+00   2.108336e-19   7.942102e-20   2.966926e-20   1.109166e-20   4.101315e-21  
 0.000000e+00   0.000000e+00   0.000000e+00   0.000000e+00   0.000000e+00   0.000000e+00   3.087331e-20   1.143677e-20   4.339251e-21   1.591170e-21  
 0.000000e+00   0.000000e+00   0.000000e+00   0.000000e+00   0.000000e+00   0.000000e+00   0.000000e+00   4.358765e-21   1.639214e-21   6.103322e-22  
 0.000000e+00   0.000000e+00   0.000000e+00   0.000000e+00   0.000000e+00   0.000000e+00   0.000000e+00   0.000000e+00   6.346080e-22   2.343708e-22  
 0.000000e+00   0.000000e+00   0.000000e+00   0.000000e+00   0.000000e+00   0.000000e+00   0.000000e+00   0.000000e+00   0.000000e+00   8.932931e-23  
]
inv(C) = [
 9.656529e+15  -2.557013e+16  -2.983172e+16   1.173577e+17  -1.115777e+17  -1.835898e+16   1.229832e+17   2.043157e+17   1.416869e+18  -4.115301e+18  
 0.000000e+00   1.487807e+17  -1.286135e+17  -5.749619e+17   1.224404e+18  -7.619866e+17   5.483822e+15  -1.403652e+18  -3.534737e+18   1.976247e+19  
 0.000000e+00   0.000000e+00   1.237983e+18  -1.182491e+18  -4.452923e+18   9.319842e+18  -2.534366e+18  -5.263573e+16  -6.091099e+18  -2.490474e+19  
 0.000000e+00   0.000000e+00   0.000000e+00   1.057619e+19  -9.583114e+18  -3.248884e+19   5.446975e+19  -1.769796e+19  -7.063043e+18   9.173508e+18  
 0.000000e+00   0.000000e+00   0.000000e+00   0.000000e+00   7.724631e+19  -6.534048e+19  -2.288945e+20   3.374720e+20  -2.389287e+19   1.639464e+20  
 0.000000e+00   0.000000e+00   0.000000e+00   0.000000e+00   0.000000e+00   5.282388e+20  -4.098846e+20  -1.350806e+21   2.257427e+21  -1.562459e+21  
 0.000000e+00   0.000000e+00   0.000000e+00   0.000000e+00   0.000000e+00   0.000000e+00   3.708974e+21  -3.046181e+21  -1.133128e+22   1.514760e+22  
 0.000000e+00   0.000000e+00   0.000000e+00   0.000000e+00   0.000000e+00   0.000000e+00   0.000000e+00   2.182335e+22  -1.014764e+22  -3.896786e+22  
 0.000000e+00   0.000000e+00   0.000000e+00   0.000000e+00   0.000000e+00   0.000000e+00   0.000000e+00   0.000000e+00   1.312648e+23  -1.674211e+23  
 0.000000e+00   0.000000e+00   0.000000e+00   0.000000e+00   0.000000e+00   0.000000e+00   0.000000e+00   0.000000e+00   0.000000e+00   4.973794e+23  
]
C * inv(C) = [
 1.000000e+00  -3.554455e-10  -3.752518e-10  -2.899263e-08  -3.322339e-08   2.848052e-06   1.511327e-05   1.194997e-04  -2.992208e-06   0.000000e+00  
-5.773160e-15   1.000000e+00  -1.817462e-10  -1.113299e-08  -1.537424e-08   1.121429e-06   6.074413e-06   4.731452e-05  -1.186243e-06   0.000000e+00  
 4.829470e-15  -5.023781e-11   1.000000e+00  -4.518262e-09  -4.499253e-09   4.432888e-07   2.342075e-06   1.877550e-05  -4.692538e-07   0.000000e+00  
-2.921274e-14  -1.874356e-11  -2.894796e-11   1.000000e+00  -2.349536e-09   1.766812e-07   9.620689e-07   7.539509e-06  -1.892759e-07  -1.818989e-12  
 4.989065e-15  -7.275430e-12  -8.859968e-12  -6.681369e-10   1.000000e+00   6.929253e-08   3.658539e-07   2.958307e-06  -7.389326e-08   9.094947e-13  
 5.953571e-15  -2.677511e-12  -3.397282e-12  -2.429511e-10  -3.622903e-10   1.000000e+00   1.444669e-07   1.141013e-06  -2.875026e-08  -7.275958e-12  
-1.942283e-14  -7.449805e-13  -2.149510e-12  -9.543326e-11  -9.461693e-11   9.906349e-09   1.000000e+00   4.459765e-07  -1.113636e-08   1.102762e-11  
 9.311996e-15  -6.993867e-13   6.790558e-13  -3.477880e-11  -2.908795e-11   3.404625e-09   2.067286e-08   1.000000e+00  -4.106539e-09   1.006129e-10  
 1.962731e-15  -2.420633e-13   1.869971e-13  -1.334444e-11  -7.849651e-12   1.287199e-09   7.631232e-09   6.426186e-08   1.000000e+00  -2.136602e-10  
 2.064429e-15  -1.212229e-13   1.814057e-13  -4.845473e-12  -2.713574e-12   4.538651e-10   2.884055e-09   2.384366e-08  -7.462209e-10   1.000000e+00  
]
C * inv(C) - inv(C) * C = [
 0.000000e+00  -3.554397e-10  -3.752567e-10  -2.899260e-08  -3.322339e-08   2.848052e-06   1.511327e-05   1.194997e-04  -2.992208e-06  -2.064429e-15  
 3.554397e-10   0.000000e+00  -1.315084e-10  -1.111425e-08  -1.536696e-08   1.121432e-06   6.074414e-06   4.731452e-05  -1.186243e-06   1.212229e-13  
 3.752567e-10   1.315084e-10   0.000000e+00  -4.489314e-09  -4.490393e-09   4.432922e-07   2.342077e-06   1.877550e-05  -4.692540e-07  -1.814057e-13  
 2.899260e-08   1.111425e-08   4.489314e-09   0.000000e+00  -1.681399e-09   1.769242e-07   9.621643e-07   7.539544e-06  -1.892625e-07   3.026483e-12  
 3.322339e-08   1.536696e-08   4.490393e-09   1.681399e-09   0.000000e+00   6.965482e-08   3.659485e-07   2.958336e-06  -7.388541e-08   3.623069e-12  
-2.848052e-06  -1.121432e-06  -4.432922e-07  -1.769242e-07  -6.965482e-08   0.000000e+00   1.345606e-07   1.137608e-06  -3.003746e-08  -4.611410e-10  
-1.511327e-05  -6.074414e-06  -2.342077e-06  -9.621643e-07  -3.659485e-07  -1.345606e-07   0.000000e+00   4.253037e-07  -1.876760e-08  -2.873027e-09  
-1.194997e-04  -4.731452e-05  -1.877550e-05  -7.539544e-06  -2.958336e-06  -1.137608e-06  -4.253037e-07   0.000000e+00  -6.836840e-08  -2.374305e-08  
 2.992208e-06   1.186243e-06   4.692540e-07   1.892625e-07   7.388541e-08   3.003746e-08   1.876760e-08   6.836840e-08   0.000000e+00   5.325607e-10  
 2.064429e-15  -1.212229e-13   1.814057e-13  -3.026483e-12  -3.623069e-12   4.611410e-10   2.873027e-09   2.374305e-08  -5.325607e-10   0.000000e+00  
]
===== singular value : before cutoff =====
 1.163227e+00,  6.587980e-03,  8.162312e-04,  9.153467e-05,  1.053283e-05,  1.495193e-06,  2.155481e-07,  2.806821e-08,  4.296274e-09,  5.806508e-10, 
==========================================
===== singular value : after cutoff =====
 1.163227e+00,  6.587980e-03,  8.162312e-04,  9.153467e-05,  1.053283e-05,  1.495193e-06,  2.155481e-07,  2.806821e-08,  4.296274e-09,  5.806508e-10, 
=========================================
TOL_SVD_INV =  1.000000e-30, min_svd =  1.163227e-30
=========================================
===== remove all but maxmode (EVs are not ordered) =====
nsing = 0, nsvd = 0, maxmode = 10
========================================================
===== singular value : inverse =====
 2.820186e+14,  4.979550e+16,  4.019103e+17,  3.583907e+18,  3.114565e+19,  2.194043e+20,  1.521942e+21,  1.168766e+22,  7.635727e+22,  5.649725e+23, 
====================================
WARNING from checkInvMat: Norm || MAT*inv(MAT) - I || is greater than tolerance.
-> norm = 2.328e-04, TOL_MAT_INVMAT_NORM = 1.000e-10
covariance matrix C = [
 3.048300e-15   1.136216e-15   4.299131e-16   1.631270e-16   6.139160e-17   2.257299e-17   8.437942e-18   3.106611e-18   1.162594e-18   4.270207e-19  
 0.000000e+00   4.434318e-16   1.668582e-16   6.458765e-17   2.409565e-17   8.966103e-18   3.333736e-18   1.234651e-18   4.602314e-19   1.692882e-19  
 0.000000e+00   0.000000e+00   6.529535e-17   2.510385e-17   9.535439e-18   3.514490e-18   1.322528e-18   4.864464e-19   1.827131e-19   6.696736e-20  
 0.000000e+00   0.000000e+00   0.000000e+00   1.000885e-17   3.776676e-18   1.418408e-18   5.295083e-19   1.964357e-19   7.332320e-20   2.701172e-20  
 0.000000e+00   0.000000e+00   0.000000e+00   0.000000e+00   1.469840e-18   5.478335e-19   2.079382e-19   7.648330e-20   2.879099e-20   1.054552e-20  
 0.000000e+00   0.000000e+00   0.000000e+00   0.000000e+00   0.000000e+00   2.108336e-19   7.942102e-20   2.966926e-20   1.109166e-20   4.101315e-21  
 0.000000e+00   0.000000e+00   0.000000e+00   0.000000e+00   0.000000e+00   0.000000e+00   3.087331e-20   1.143677e-20   4.339251e-21   1.591170e-21  
 0.000000e+00   0.000000e+00   0.000000e+00   0.000000e+00   0.000000e+00   0.000000e+00   0.000000e+00   4.358765e-21   1.639214e-21   6.103322e-22  
 0.000000e+00   0.000000e+00   0.000000e+00   0.000000e+00   0.000000e+00   0.000000e+00   0.000000e+00   0.000000e+00   6.346080e-22   2.343708e-22  
 0.000000e+00   0.000000e+00   0.000000e+00   0.000000e+00   0.000000e+00   0.000000e+00   0.000000e+00   0.000000e+00   0.000000e+00   8.932931e-23  
]
inv(C) = [
 9.656529e+15  -2.557013e+16  -2.983172e+16   1.173577e+17  -1.115777e+17  -1.835898e+16   1.229832e+17   2.043157e+17   1.416869e+18  -4.115301e+18  
 0.000000e+00   1.487807e+17  -1.286135e+17  -5.749619e+17   1.224404e+18  -7.619866e+17   5.483822e+15  -1.403652e+18  -3.534737e+18   1.976247e+19  
 0.000000e+00   0.000000e+00   1.237983e+18  -1.182491e+18  -4.452923e+18   9.319842e+18  -2.534366e+18  -5.263573e+16  -6.091099e+18  -2.490474e+19  
 0.000000e+00   0.000000e+00   0.000000e+00   1.057619e+19  -9.583114e+18  -3.248884e+19   5.446975e+19  -1.769796e+19  -7.063043e+18   9.173508e+18  
 0.000000e+00   0.000000e+00   0.000000e+00   0.000000e+00   7.724631e+19  -6.534048e+19  -2.288945e+20   3.374720e+20  -2.389287e+19   1.639464e+20  
 0.000000e+00   0.000000e+00   0.000000e+00   0.000000e+00   0.000000e+00   5.282388e+20  -4.098846e+20  -1.350806e+21   2.257427e+21  -1.562459e+21  
 0.000000e+00   0.000000e+00   0.000000e+00   0.000000e+00   0.000000e+00   0.000000e+00   3.708974e+21  -3.046181e+21  -1.133128e+22   1.514760e+22  
 0.000000e+00   0.000000e+00   0.000000e+00   0.000000e+00   0.000000e+00   0.000000e+00   0.000000e+00   2.182335e+22  -1.014764e+22  -3.896786e+22  
 0.000000e+00   0.000000e+00   0.000000e+00   0.000000e+00   0.000000e+00   0.000000e+00   0.000000e+00   0.000000e+00   1.312648e+23  -1.674211e+23  
 0.000000e+00   0.000000e+00   0.000000e+00   0.000000e+00   0.000000e+00   0.000000e+00   0.000000e+00   0.000000e+00   0.000000e+00   4.973794e+23  
]
C * inv(C) = [
 1.000000e+00  -3.554455e-10  -3.752518e-10  -2.899263e-08  -3.322339e-08   2.848052e-06   1.511327e-05   1.194997e-04  -2.992208e-06   0.000000e+00  
-5.773160e-15   1.000000e+00  -1.817462e-10  -1.113299e-08  -1.537424e-08   1.121429e-06   6.074413e-06   4.731452e-05  -1.186243e-06   0.000000e+00  
 4.829470e-15  -5.023781e-11   1.000000e+00  -4.518262e-09  -4.499253e-09   4.432888e-07   2.342075e-06   1.877550e-05  -4.692538e-07   0.000000e+00  
-2.921274e-14  -1.874356e-11  -2.894796e-11   1.000000e+00  -2.349536e-09   1.766812e-07   9.620689e-07   7.539509e-06  -1.892759e-07  -1.818989e-12  
 4.989065e-15  -7.275430e-12  -8.859968e-12  -6.681369e-10   1.000000e+00   6.929253e-08   3.658539e-07   2.958307e-06  -7.389326e-08   9.094947e-13  
 5.953571e-15  -2.677511e-12  -3.397282e-12  -2.429511e-10  -3.622903e-10   1.000000e+00   1.444669e-07   1.141013e-06  -2.875026e-08  -7.275958e-12  
-1.942283e-14  -7.449805e-13  -2.149510e-12  -9.543326e-11  -9.461693e-11   9.906349e-09   1.000000e+00   4.459765e-07  -1.113636e-08   1.102762e-11  
 9.311996e-15  -6.993867e-13   6.790558e-13  -3.477880e-11  -2.908795e-11   3.404625e-09   2.067286e-08   1.000000e+00  -4.106539e-09   1.006129e-10  
 1.962731e-15  -2.420633e-13   1.869971e-13  -1.334444e-11  -7.849651e-12   1.287199e-09   7.631232e-09   6.426186e-08   1.000000e+00  -2.136602e-10  
 2.064429e-15  -1.212229e-13   1.814057e-13  -4.845473e-12  -2.713574e-12   4.538651e-10   2.884055e-09   2.384366e-08  -7.462209e-10   1.000000e+00  
]
C * inv(C) - inv(C) * C = [
 0.000000e+00  -3.554397e-10  -3.752567e-10  -2.899260e-08  -3.322339e-08   2.848052e-06   1.511327e-05   1.194997e-04  -2.992208e-06  -2.064429e-15  
 3.554397e-10   0.000000e+00  -1.315084e-10  -1.111425e-08  -1.536696e-08   1.121432e-06   6.074414e-06   4.731452e-05  -1.186243e-06   1.212229e-13  
 3.752567e-10   1.315084e-10   0.000000e+00  -4.489314e-09  -4.490393e-09   4.432922e-07   2.342077e-06   1.877550e-05  -4.692540e-07  -1.814057e-13  
 2.899260e-08   1.111425e-08   4.489314e-09   0.000000e+00  -1.681399e-09   1.769242e-07   9.621643e-07   7.539544e-06  -1.892625e-07   3.026483e-12  
 3.322339e-08   1.536696e-08   4.490393e-09   1.681399e-09   0.000000e+00   6.965482e-08   3.659485e-07   2.958336e-06  -7.388541e-08   3.623069e-12  
-2.848052e-06  -1.121432e-06  -4.432922e-07  -1.769242e-07  -6.965482e-08   0.000000e+00   1.345606e-07   1.137608e-06  -3.003746e-08  -4.611410e-10  
-1.511327e-05  -6.074414e-06  -2.342077e-06  -9.621643e-07  -3.659485e-07  -1.345606e-07   0.000000e+00   4.253037e-07  -1.876760e-08  -2.873027e-09  
-1.194997e-04  -4.731452e-05  -1.877550e-05  -7.539544e-06  -2.958336e-06  -1.137608e-06  -4.253037e-07   0.000000e+00  -6.836840e-08  -2.374305e-08  
 2.992208e-06   1.186243e-06   4.692540e-07   1.892625e-07   7.388541e-08   3.003746e-08   1.876760e-08   6.836840e-08   0.000000e+00   5.325607e-10  
 2.064429e-15  -1.212229e-13   1.814057e-13  -3.026483e-12  -3.623069e-12   4.611410e-10   2.873027e-09   2.374305e-08  -5.325607e-10   0.000000e+00  
]
===== singular value : before cutoff =====
 1.355522e-04,  1.004641e+00, 
==========================================
===== singular value : after cutoff =====
 1.355522e-04,  1.004641e+00, 
=========================================
TOL_SVD_SOL =  1.000000e-10, min_svd =  1.004641e-10
=========================================
error of the solution =  1.658462e-15
initial guess: c[0]= 2.223029e-01 c[1]= 1.000107e+00 c[2]=-2.500000e-02 c[3]= 1.000107e-01
running gsl nonlinear minimizer with derivative
no change in the function value
iter = 285/10000
chisq =  1.676208e+01
rel_del_f =  0.000000e+00 (tol = 1e-10)
rel_del_c =  5.918579e-07 (tol = 1e-08)
grad =  2.090303e+00
     c[]      p[]     iw[]   rel_del_c[]        grad[]
 1.00336  0.22230  0.00000  1.094064e-06  1.051303e+00
 1.00011  1.00011  0.00000 -7.883018e-08 -1.220100e+00
 1.05178  0.22314  0.00000  2.253134e-07 -3.265036e-01
 1.69057  0.10001  0.00000 -5.370377e-07  1.291852e+00
iterations =   285 (nt)
chi2 =16.762, dof =16, cdf = 1.048, q = 0.4012

Data set 0
Corr[00]   2.51687e+00 (3.82175e-03)   Corr[00]   2.51687e+00 (3.82175e-03)
Corr[01]   3.05924e-01 (5.01822e-04)   Corr[63]   3.05924e-01 (5.01822e-04)
Corr[02]   5.42518e-02 (1.47784e-04)   Corr[62]   5.42518e-02 (1.47784e-04)
Corr[03]   1.60039e-02 (5.09837e-05)   Corr[61]   1.60039e-02 (5.09837e-05)
Corr[04]   4.68678e-03 (1.80459e-05)   Corr[60]   4.68678e-03 (1.80459e-05)
Corr[05]   1.68464e-03 (6.84229e-06)   Corr[59]   1.68464e-03 (6.84229e-06)
Corr[06]   5.69272e-04 (2.59448e-06)   Corr[58]   5.69272e-04 (2.59448e-06)
Corr[07]   2.10650e-04 (9.98554e-07)   Corr[57]   2.10650e-04 (9.98554e-07)
Corr[08]   7.47836e-05 (3.79546e-07)   Corr[56]   7.47836e-05 (3.79546e-07)
Corr[09]   2.77608e-05 (1.46123e-07)   Corr[55]   2.77608e-05 (1.46123e-07)
Corr[10]   1.00519e-05 (5.52114e-08)   Corr[54]   1.00519e-05 (5.52114e-08)
Corr[11]   3.72833e-06 (2.10578e-08)   Corr[53]   3.72833e-06 (2.10578e-08)
Corr[12]   1.35909e-06 (8.08055e-09)   Corr[52]   1.35909e-06 (8.08055e-09)
Corr[13]   5.03059e-07 (3.16368e-09)   Corr[51]   5.03059e-07 (3.16368e-09)
Corr[14]   1.83966e-07 (1.21237e-09)   Corr[50]   1.83966e-07 (1.21237e-09)
Corr[15]   6.79381e-08 (4.59166e-10)   Corr[49]   6.79381e-08 (4.59166e-10)
Corr[16]   2.49168e-08 (1.75708e-10)   Corr[48]   2.49168e-08 (1.75708e-10)
Corr[17]   9.21093e-09 (6.60209e-11)   Corr[47]   9.21093e-09 (6.60209e-11)
Corr[18]   3.37760e-09 (2.51914e-11)   Corr[46]   3.37760e-09 (2.51914e-11)
Corr[19]   1.24574e-09 (9.45142e-12)   Corr[45]   1.24574e-09 (9.45142e-12)
Corr[20]   4.57049e-10 (3.58487e-12)   Corr[44]   4.57049e-10 (3.58487e-12)
Corr[21]   1.68539e-10 (1.35648e-12)   Corr[43]   1.68539e-10 (1.35648e-12)
Corr[22]   6.18822e-11 (5.13858e-13)   Corr[42]   6.18822e-11 (5.13858e-13)
Corr[23]   2.28014e-11 (1.97122e-13)   Corr[41]   2.28014e-11 (1.97122e-13)
Corr[24]   8.37703e-12 (7.54176e-14)   Corr[40]   8.37703e-12 (7.54176e-14)
Corr[25]   3.08584e-12 (2.82820e-14)   Corr[39]   3.08584e-12 (2.82820e-14)
Corr[26]   1.13227e-12 (1.07694e-14)   Corr[38]   1.13227e-12 (1.07694e-14)
Corr[27]   4.16446e-13 (4.02069e-15)   Corr[37]   4.16446e-13 (4.02069e-15)
Corr[28]   1.52775e-13 (1.52809e-15)   Corr[36]   1.52775e-13 (1.52809e-15)
Corr[29]   5.63969e-14 (5.86789e-16)   Corr[35]   5.63969e-14 (5.86789e-16)
Corr[30]   2.10564e-14 (2.28899e-16)   Corr[34]   2.10564e-14 (2.28899e-16)
Corr[31]   8.65250e-15 (9.72715e-17)   Corr[33]   8.65250e-15 (9.72715e-17)
Corr[32]   5.62010e-15 (6.83282e-17)   Corr[32]   5.62010e-15 (6.83282e-17)

Data set 1
Corr[00]   2.51687e+00 (3.82175e-03)   Corr[00]   2.51687e+00 (3.82175e-03)
Corr[01]   3.05924e-01 (5.01822e-04)   Corr[63]   3.05924e-01 (5.01822e-04)
Corr[02]   5.42518e-02 (1.47784e-04)   Corr[62]   5.42518e-02 (1.47784e-04)
Corr[03]   1.60039e-02 (5.09837e-05)   Corr[61]   1.60039e-02 (5.09837e-05)
Corr[04]   4.68678e-03 (1.80459e-05)   Corr[60]   4.68678e-03 (1.80459e-05)
Corr[05]   1.68464e-03 (6.84229e-06)   Corr[59]   1.68464e-03 (6.84229e-06)
Corr[06]   5.69272e-04 (2.59448e-06)   Corr[58]   5.69272e-04 (2.59448e-06)
Corr[07]   2.10650e-04 (9.98554e-07)   Corr[57]   2.10650e-04 (9.98554e-07)
Corr[08]   7.47836e-05 (3.79546e-07)   Corr[56]   7.47836e-05 (3.79546e-07)
Corr[09]   2.77608e-05 (1.46123e-07)   Corr[55]   2.77608e-05 (1.46123e-07)
Corr[10]   1.00519e-05 (5.52114e-08)   Corr[54]   1.00519e-05 (5.52114e-08)
Corr[11]   3.72833e-06 (2.10578e-08)   Corr[53]   3.72833e-06 (2.10578e-08)
Corr[12]   1.35909e-06 (8.08055e-09)   Corr[52]   1.35909e-06 (8.08055e-09)
Corr[13]   5.03059e-07 (3.16368e-09)   Corr[51]   5.03059e-07 (3.16368e-09)
Corr[14]   1.83966e-07 (1.21237e-09)   Corr[50]   1.83966e-07 (1.21237e-09)
Corr[15]   6.79381e-08 (4.59166e-10)   Corr[49]   6.79381e-08 (4.59166e-10)
Corr[16]   2.49168e-08 (1.75708e-10)   Corr[48]   2.49168e-08 (1.75708e-10)
Corr[17]   9.21093e-09 (6.60209e-11)   Corr[47]   9.21093e-09 (6.60209e-11)
Corr[18]   3.37760e-09 (2.51914e-11)   Corr[46]   3.37760e-09 (2.51914e-11)
Corr[19]   1.24574e-09 (9.45142e-12)   Corr[45]   1.24574e-09 (9.45142e-12)
Corr[20]   4.57049e-10 (3.58487e-12)   Corr[44]   4.57049e-10 (3.58487e-12)
Corr[21]   1.68539e-10 (1.35648e-12)   Corr[43]   1.68539e-10 (1.35648e-12)
Corr[22]   6.18822e-11 (5.13858e-13)   Corr[42]   6.18822e-11 (5.13858e-13)
Corr[23]   2.28014e-11 (1.97122e-13)   Corr[41]   2.28014e-11 (1.97122e-13)
Corr[24]   8.37703e-12 (7.54176e-14)   Corr[40]   8.37703e-12 (7.54176e-14)
Corr[25]   3.08584e-12 (2.82820e-14)   Corr[39]   3.08584e-12 (2.82820e-14)
Corr[26]   1.13227e-12 (1.07694e-14)   Corr[38]   1.13227e-12 (1.07694e-14)
Corr[27]   4.16446e-13 (4.02069e-15)   Corr[37]   4.16446e-13 (4.02069e-15)
Corr[28]   1.52775e-13 (1.52809e-15)   Corr[36]   1.52775e-13 (1.52809e-15)
Corr[29]   5.63969e-14 (5.86789e-16)   Corr[35]   5.63969e-14 (5.86789e-16)
Corr[30]   2.10564e-14 (2.28899e-16)   Corr[34]   2.10564e-14 (2.28899e-16)
Corr[31]   8.65250e-15 (9.72715e-17)   Corr[33]   8.65250e-15 (9.72715e-17)
Corr[32]   5.62010e-15 (6.83282e-17)   Corr[32]   5.62010e-15 (6.83282e-17)

    FR   =  10 -- 19 (set 0) 
    FR   =  10 -- 19 (set 1) 
    CDF  =  1.048  (0.000)     cf. avg =  0.000
    Q    =  0.4012 (0.0000)    cf. avg =  0.0000
    c[0] =  2.23050e-01 (0.00e+00)    cf. avg =  0.00000e+00
    c[1] =  1.00022e+00 (0.00e+00)    cf. avg =  0.00000e+00
    c[2] = -2.76680e-02 (0.00e+00)    cf. avg =  0.00000e+00
    c[3] =  1.69075e-01 (0.00e+00)    cf. avg =  0.00000e+00
